1515486
700852
437475
798778
461841
400029
380205
365478
317671
382316
378297
365924
362087
337498
305814
274961
281068
253166
240657
255488
259737
261583
282659
373372
1879910
691644
441087
462938
435258
423337
373863
364669
391450
439856
489017
432670
458217
342555
367720
1699114
497041
538621
532688
550661
391165
390389
391966
400836
372814
467232
422616
1274706
1004298
439899
436174
455623
592909
431778
389407
386206
372454
323913
282351
301751
279726
288460
398836
324002
280920
321375
248533
263080
218814
230180
453662
261608
251530
276672
332827
274714
344334
311315
249347
252817
275283
222625
217638
243992
213418
207403
210942
329363
250273
301175
256125
262290
238660
413288
1880990
674799
441222
783022
442823
445627
423934
2129697
548114
475208
432929
437243
645663
379292
386170
414858
456694
433915
422671
433250
409779
391524
342516
312823
323060
282080
293218
291269
287004
334635
306750
327163
321147
255857
276438
270433
245114
282929
435860
479536
377611
309012
335845
470123
326530
304523
300171
408465
354071
1581929
461486
507480
963112
522555
401008
349564
352776
341624
339787
336853
348799
302731
295668
343414
297788
284919
452183
294386
348881
378466
321101
297213
297819
393144
1646909
388409
332024
378926
330876
370189
324885
293145
296491
302739
250035
288588
258981
237866
294374
275066
249799
276345
240609
238423
245994
260794
239781
243438
1180786
509221
494970
817338
472110
426354
410494
387201
321299
298838
298747
368143
296478
336533
272325
263483
254709
1749589
625942
510225
500480
703827
402806
378049
319420
454199
408854
424023
404217
368771
348613
336146
332720
364214
300800
328909
269142
252321
236516
221361
251115
290450
245721
330586
245304
366728
358929
250990
214719
266433
433030
1333682
442322
351653
344827
318799
462731
397806
383983
371959
372524
408277
403404
374762
355542
350055
450899
371821
373552
323210
300283
299890
278793
235994
361798
282794
276277
233749
257378
237460
253180
314080
310081
287717
259374
244538
268072
918784
511944
431178
471415
433558
482526
438747
385938
489239
433204
480972
3080693
851484
473057
725977
445717
428636
437595
482207
401114
437101
406542
373736
389179
366575
380364
348933
319927
340336
340190
361362
462728
375865
395154
309433
311858
299211
341963
464816
364395
374830
354571
348413
299461
277807
299778
309820
281444
343879
330905
288351
242469
245203
238448
417162
414866
363601
320355
372487
422081
362113
314933
1232394
532687
403217
429318
850715
570650
395449
417482
428474
444202
484195
458409
428372
379369
367443
470590
377308
329366
362625
344173
335642
303197
307121
341900
321587
290801
352188
265090
288019
336247
338775
284586
277190
282303
346330
274538
343970
535378
377784
331175
279751
255701
330325
286499
296466
272500
286071
1316848
1981946
514067
1044479
819690
516394
514978
443502
509050
438837
441768
427885
478862
418540
368184
519471
451272
379141
318974
299250
313261
307652
302316
282397
271587
292788
282994
244388
231045
237430
500239
336098
292508
250612
333294
282136
284828
291268
277292
275237
384352
285688
285902
410964
316476
284381
276761
279067
393026
395997
357821
1214475
449435
368078
405072
826412
454904
451108
447842
416263
430408
424557
410373
378494
405356
402536
483766
400932
367709
308590
289691
286379
295358
277682
376477
325876
333890
252881
235610
265679
264064
237962
265499
424200
413584
293882
273319
245673
241830
274999
269882
253619
235431
231676
251832
266016
266850
270784
1803982
609097
482152
2486592
638052
454966
434274
635460
420520
398163
420809
394284
397903
490894
388102
349581
400118
454553
381000
385022
373781
332208
288582
279203
275815
329210
259206
277259
285287
304055
236545
256343
326712
313123
288695
306080
348720
423360
316239
290823
341573
358201
273586
412423
296932
299574
300090
408411
455492
403580
375703
1249616
1278514
817863
480390
455688
504472
1644666
403468
442184
419854
348608
369598
341336
345687
360846
512507
318069
289680
276831
309493
332889
300033
246102
367729
248487
233941
316065
250747
232813
209870
204163
210200
216860
248891
249516
241902
323732
255706
289592
303927
256358
252740
230573
227529
223880
267720
252543
1595898
516229
506126
777332
447567
419560
421129
688865
401790
355714
309983
283488
301642
283955
252800
266417
228708
231341
322101
284095
273508
333277
353656
484300
315401
280752
280096
287911
269891
261124
255257
254572
260864
241026
258685
244549
337486
1466117
557237
375601
437940
534567
555315
472038
412654
463563
437967
415264
365443
431420
408976
1185112
434984
447251
380461
766627
437430
419871
420987
342110
354593
410566
345810
269576
277103
271317
371197
285482
244086
303320
240485
225996
244841
235416
422517
255732
227965
229859
246020
266870
256980
220795
227536
207572
213958
204548
203342
205833
198473
201805
231603
209980
262262
265104
224909
239183
202424
234542
1351988
520618
473468
888062
466848
373209
395710
367497
345264
362551
340811
350546
298418
1578741
480872
621656
646914
720124
420441
420263
382589
427905
384955
313385
282118
268507
305754
252901
295491
240775
217832
234467
337624
302291
235457
225151
255965
284724
435390
278495
296969
388817
451068
404808
328372
242087
365344
412052
346512
284150
236812
1243053
465438
367076
376097
751766
490519
389509
362917
350181
430567
366806
350500
326557
331650
261029
379786
340194
301502
282909
244396
219012
262176
278937
346042
232052
257235
323836
346304
261424
255645
233240
249684
238006
266011
277963
267199
252270
264898
248358
327927
323253
363568
274347
265801
289537
249849
267154
1802593
749046
484539
838330
471752
762565
468248
447563
442863
435355
399273
369632
355005
364731
420805
349912
355410
259708
298913
348320
294316
290743
328358
280876
353638
292406
307665
250305
294780
285993
1704906
576096
511193
764421
474948
467770
480974
436073
515877
452430
433854
455590
408897
459427
396688
421636
381227
435743
359253
322255
303714
1255681
532898
422475
363164
815580
719481
405088
428379
376374
365656
452460
362370
329570
376619
342537
560399
340085
371407
333834
292391
292884
251319
242676
371936
283249
283434
339473
336714
247313
238474
324635
355647
308369
258308
283643
260753
278367
263707
264847
271695
295055
329701
280123
310887
278289
308728
250589
2193301
581115
482322
755315
471833
437496
384595
390466
392420
389725
346566
328686
290340
288940
369787
350969
316972
300507
289181
1962041
725479
446581
488597
677914
477749
405640
379809
525165
428339
391626
634505
371399
414399
357690
458015
469397
459040
471191
401942
405407
391943
426173
638453
669373
447267
477395
472901
1778056
651849
598231
685610
520072
455910
448282
434261
432769
409900
354230
328511
345192
296451
262634
244609
243612
232610
229952
367694
256779
244255
243594
303846
294623
269632
242745
432043
292279
251082
638074
341468
364746
262704
237711
241252
239425
241691
231605
227996
288717
274146
316926
253998
245572
237143
224229
307528
239472
266141
225699
