2071038
827581
718200
1051754
801956
1149976
883756
1085220
853454
557827
663979
710240
570599
844376
873667
625275
616487
2498251
860727
1114597
850951
1502713
706305
684524
691236
658412
656485
845917
912478
640800
637738
604132
625179
678711
898648
856349
616477
867303
837199
673820
609206
610257
643036
753774
696280
728509
816778
855074
596247
588370
585064
1555810
708945
671529
802156
612906
684099
787099
635254
1311424
666159
583119
592517
636727
650562
566653
650797
662600
970848
709299
699770
641710
828923
590024
716903
677326
649685
647084
665091
798078
606654
594292
2101162
1455652
681144
593610
798369
700557
1338236
763054
623363
891291
943740
688302
703094
621219
559483
603596
1879178
914249
748617
2402365
847267
869344
895395
1243741
967421
674265
675792
621713
605665
803009
838934
600137
572316
1262913
800128
888768
693731
1408677
627632
666698
647727
769307
659483
939291
825214
588181
603510
507350
586776
612560
785251
760465
598116
789832
916391
626600
534145
521959
577903
648101
638442
549005
689854
1169341
682314
603333
547652
1374313
852556
752944
658746
657571
650663
658427
648753
1182890
599122
528373
567386
599881
674344
569475
716791
713130
956515
625187
678180
556767
745991
593541
628415
639378
518996
540907
540225
738074
642402
648749
606101
2420614
630951
551285
725776
596791
1398876
714027
640875
805584
798110
538842
518022
482035
502729
601975
2028677
1221842
716617
1166871
678681
644236
647944
1021464
876881
631868
641097
818174
595785
959020
836791
595574
594385
1282407
682015
916131
738729
1401184
711970
616699
580197
587390
844106
905825
857467
608951
584965
759666
683653
583202
802710
908299
651100
1028753
859704
607740
595219
656438
645624
666961
594868
588545
586202
811639
629652
603680
611111
1465196
843894
1008167
663371
733171
780729
674003
620976
1304155
664887
636741
608487
584497
578538
555157
662858
858118
971194
583645
663400
609795
814972
726528
672645
723010
640768
636671
708440
851590
624270
643576
698227
2439994
719150
611774
877005
650220
1240415
810335
676179
860004
894912
650986
632944
601518
681021
660719
2279951
926227
733080
1283984
733689
696978
740146
929167
804492
617775
618589
605844
804706
809370
801657
572026
1816849
1624205
725762
1023932
783063
1532159
875669
783204
737655
779507
879958
1087647
1177937
602251
632536
618260
629295
678300
782440
748528
569389
917261
898446
547073
526385
676632
597206
688039
611045
575905
667962
915463
644518
525837
506664
1412487
700088
698286
663951
550409
590839
652045
668342
1319125
616072
565953
560508
571540
594189
540502
725089
632013
857449
591425
558720
542279
845772
547891
555710
675160
630802
591805
583111
744462
551506
581098
724359
2390661
618325
609046
741011
522653
1099380
696240
661107
797289
819253
577164
519221
506501
533743
507702
2166451
795495
706578
1067699
742718
646789
651194
890038
891195
1974702
870347
800120
929095
988420
957544
674782
670003
1930467
705585
951877
773705
1510860
720103
708206
668598
776752
703733
860484
898105
633081
637934
658035
675588
577090
875843
798087
672792
817284
781193
625798
626003
585193
617299
820188
621118
675913
582844
810928
649693
617695
632749
1604544
732059
1041676
677330
635209
612556
674648
624736
1319240
627207
570374
609572
841570
749588
634803
697152
756056
965510
654374
662605
603583
838104
601448
614253
626362
555394
589440
652554
813401
672533
648299
754023
2705370
629471
590144
751827
635064
1211557
760350
550945
819060
825370
498307
519665
519506
528416
629862
1991449
2487069
775079
1651557
787601
699450
695652
902397
860140
903105
735565
657961
714080
842486
825856
584582
584123
1329052
671206
1040314
649882
1714368
622551
621077
674913
621120
596009
790981
967008
752184
595057
607571
573759
578641
873996
810197
581176
822655
830865
630555
576701
788100
734690
781905
637313
664283
652131
882195
584024
578844
787845
1607307
690908
638555
703197
730184
628059
636806
548072
1303259
747730
662405
645845
666279
593722
530034
648278
651040
901606
715990
609209
629606
822128
618820
625211
585496
629948
607745
564861
755816
587499
625829
2216092
1135430
658933
576806
781899
579897
1246201
988856
605232
876970
935215
611104
618751
586353
626371
628841
2032373
769800
718733
1044110
927609
686130
646512
899357
813324
566577
503342
485337
524709
895570
877504
605791
497864
2290732
815051
992319
684815
1352960
705993
939037
698026
647667
611268
812367
845853
582292
628971
590295
660611
900668
852664
816374
718469
832217
794851
583607
511020
485230
650645
699107
710288
589056
570631
770442
584844
556019
631035
1428372
682310
605737
749469
648750
559879
592334
575042
1165881
586294
548189
599460
659779
588014
544687
735998
667149
876723
560702
542844
530753
740655
570341
559034
571736
527785
961614
605600
788727
578844
574091
961924
2421968
618763
541629
729513
554535
1301586
725696
523235
794286
808379
537127
552357
521146
540170
637195
1863528
1146537
778854
1160956
769331
767056
714542
878165
819210
730781
620786
720833
609012
1937848
1474572
930277
657651
1485452
740798
919109
691975
1613454
698759
634696
660608
638601
941543
865550
854642
660090
575837
580633
748482
763692
1051770
945869
673038
847640
821035
637070
555801
512364
649313
680985
659479
571078
521299
886511
621372
602677
586283
1423287
733202
969683
706276
671505
594599
579777
678763
1302751
624758
539758
520879
709034
532233
492969
661352
655137
1023375
606272
640960
668494
783772
564449
782537
623352
640274
544421
557502
782675
669346
648692
738208
2395045
577379
539418
819253
625108
1233162
747971
569637
795496
814628
593278
566666
483762
485947
556609
2732269
1183710
1004119
1098448
863737
733529
644708
855127
794673
600082
520166
897482
609046
828529
769052
585025
639386
1204257
622485
848764
596853
1364764
666865
704808
851342
580782
506954
763409
823355
590391
600112
564510
557630
583086
761559
717896
601496
814606
708765
612836
543996
537716
601880
1419448
764913
1350561
740334
802511
602767
795283
702745
665341
581780
494743
536460
669103
608231
539694
529290
1131522
569584
544613
549286
688871
649482
568294
723371
795645
1126856
648245
588358
525419
733057
599428
619400
584401
577574
610769
641165
752428
542565
587438
2025822
1078347
618539
544657
726912
612014
1233282
762558
594307
783190
819629
542062
523979
475235
486090
507079
2054575
2440325
1057246
1555755
815393
671393
675939
1079715
1106905
658722
635670
630308
631056
914017
840484
656296
636059
1598726
685733
951752
880455
2970218
863240
762949
753200
630202
616412
833809
853778
589208
676992
609184
519329
599545
837206
796073
531823
782200
784497
559027
494826
660833
645923
680899
700807
677195
623524
765808
599077
587006
537708
1360177
648891
597191
644391
725548
628267
710513
568093
1211286
617861
592295
877959
638550
534358
509615
722326
605382
855131
589843
559693
657919
769707
652946
588474
607803
579093
576773
587026
723678
536066
650147
699523
2599239
599914
571002
728654
605396
1128400
678079
555374
776405
797139
509722
482925
466168
503745
525465
