68489559
1047869
176495
147720
152165
113854
115365
127861
131624
103245
107004
120894
136055
134668
118482
104667
130112
133982
111436
126440
110133
102869
99473
83251
77565
66297
74228
80104
74112
67942
73176
75901
65393
73743
91126
92711
68765
108463
83474
74647
64215
80137
83545
69925
70742
76819
77683
82007
71805
59363
659676
167955
95285
85120
74202
61563
72382
61345
83064
89171
82074
143559
345801
178080
195681
166769
197574
189844
188616
177669
164101
147767
164529
152137
1959344
186494
152599
144756
156903
138357
105515
80226
80835
101039
105703
118829
102975
94502
148021
133480
100989
92683
97505
75904
69988
70837
104543
103094
67783265
607274
174959
155638
115864
145090
135178
154372
105409
112424
142756
112628
124699
133099
137623
106987
158944
118946
145433
111868
110396
161557
122386
119617
120344
109560
150238
120451
99961
100625
118360
106387
127022
137988
119480
136748
119615
119520
107356
108183
116292
97150
120803
87318
127520
100408
112586
94336
78850
112179
716924
181316
142461
162816
142555
102163
134508
91651
94311
89650
88697
186499
141261
114858
100647
99536
128774
108221
137680
115659
104110
83660
88408
91520
1438345
154053
83920
87821
80625
91391
69379
80812
66899
79382
57225
76222
54676
73249
69464
55622
67892
53054
66025
66084
56169
66110
56428
67400
72070701
596411
178632
118764
99908
121633
107713
112217
92403
116264
111813
118030
112640
131537
99668
112783
107706
115947
94782
84321
102839
88135
105207
87800
112183
110714
89582
90321
91690
125766
100202
89860
115992
91253
92997
108828
104317
135457
97120
112573
107302
100644
91881
104610
104938
86222
98793
87386
78909
71379
665984
121663
85591
88514
80894
70614
62421
69356
130694
136875
123716
331612
134699
97633
88468
87522
134517
113400
123938
227673
96914
106281
96389
90471
1644375
105636
134268
83877
64875
91392
71992
78052
56157
110979
66461
64368
53916
55870
77900
61488
70427
54321
67330
53815
68513
53478
70143
53404
67940792
593293
187037
139526
127915
113297
100591
115212
97317
135106
138148
115550
165774
105760
128071
107486
98297
97723
91652
95518
99949
118060
95094
144575
109092
88255
109276
76210
83105
88312
87469
74460
73639
80518
126572
81273
67489
82581
112731
89869
78419
77333
64157
82688
75763
58803
81504
70666
63283
77958
682705
90456
97370
90182
115152
82038
85179
88210
107065
84132
101465
152549
99856
99952
119359
89307
144305
111889
95241
70085
86696
73977
64541
111619
1506416
125808
78616
61314
69402
83818
64850
56205
71156
73617
61693
71914
53747
68939
69666
56047
67970
55406
67715
54429
67321
56180
65648
52644
69218036
1056636
196780
122260
120804
161540
147208
116078
113958
128916
105711
176477
111655
98240
113480
107862
102579
114994
96004
124454
116889
100320
99059
116308
109494
99948
123508
102639
104597
98799
80269
90321
84398
73339
75154
69430
75158
66449
74909
68397
74812
74171
73277
73523
72260
64268
86216
77370
82309
65707
660198
100710
83985
65442
119735
88563
144579
94361
89656
89841
78448
151105
97455
128048
92182
73950
152649
109904
78564
92827
77478
72610
85603
72452
1726969
192505
108317
107011
71259
95403
86767
71741
93095
92068
71268
88755
62450
84499
73586
56911
70236
57157
68650
56327
67456
55303
66113
52379
68867152
628252
141625
129836
137117
124802
139504
119572
99557
138566
106187
113906
103307
115470
104448
109493
99628
117935
137079
111943
115335
115546
119435
86717
102965
101145
77475
122198
118016
95879
93556
100298
88861
94800
91218
132721
136480
126911
117865
155668
139504
93958
70442
67378
71553
65732
68416
66928
74613
70211
698018
110104
70638
71145
95514
90309
166950
129550
109129
106709
92014
141010
102339
389010
193495
130293
131239
123000
181110
124573
96132
86516
95701
82819
1495166
84812
84389
100326
125656
89885
58415
75123
55570
72843
55845
72627
54959
67912
93944
74029
88556
64453
71471
56471
68914
52537
70324
54207
70009524
661949
176444
172074
133608
140854
119905
104407
123428
133631
108694
81347
84111
76305
77949
74679
73745
92218
104269
133940
92269
106367
95197
118755
88117
115235
82564
69457
79210
74542
59070
111859
85823
82361
72171
82541
79636
67914
81440
72343
79348
80617
89313
94396
82559
81296
73679
59132
71749
57990
652735
78668
93008
113488
86199
70752
81775
78526
60961
81363
70914
182797
114869
77527
88179
87145
135435
103851
96307
77746
63425
81736
76070
61898
1449163
106538
73210
89725
61578
125836
67866
63537
58429
87632
64800
105308
99071
95465
167834
94724
67204
59202
79576
59112
74489
55715
73399
66989
70615718
589819
167029
121280
95491
100688
139044
114373
139809
126007
98798
112079
103448
115896
129455
126636
113680
131047
121145
120326
107264
93658
95923
78746
85615
98552
83742
85144
72251
73878
86066
70433
86607
71309
62150
117809
81566
85393
87669
72479
63810
75789
63681
81899
72701
58825
80847
69964
61225
78756
663601
86892
131362
81279
86120
85915
76283
62221
79874
73485
62216
556673
153188
84898
91347
91369
150781
116731
92581
91593
76992
62459
114935
84623
1465138
146187
95271
75565
59057
87969
80473
56164
72202
73982
56665
70821
54204
69110
70289
55393
68032
55198
66664
54322
66684
56874
66694
52785
71318223
597198
118961
135439
132768
113914
125371
121262
100495
133278
116450
100031
119599
97023
130384
99524
100130
197597
195597
132910
109021
92855
113591
97426
110087
88355
101939
89697
86031
85760
70517
64194
80962
69942
58652
70951
60644
72726
61091
71629
62284
78788
69124
58738
80580
68956
62142
77277
69142
59238
713394
90366
121770
88022
86510
80144
77124
60175
80042
71097
70012
373351
142248
73650
120302
83970
114719
183574
94704
70616
85475
88308
74784
65313
1435502
173942
81263
56540
58958
89109
91243
58437
70974
70500
55730
70819
53544
68558
69918
54755
68080
53307
66917
52840
65259
54937
65499
51532
67447677
652483
207464
139803
112363
111591
123783
122809
100676
105110
134525
129110
132358
131329
134450
146932
129336
134559
117318
94959
133788
122468
117847
110757
86940
107876
83585
98199
75163
105879
92300
97937
94770
73022
82218
129761
81201
74606
82476
82479
67112
81622
70760
58595
80699
69078
62938
78362
68637
59190
665158
99657
75928
61768
81087
67646
84144
85599
62440
94564
79865
156800
105767
67320
85372
72861
213925
95479
128803
88500
77087
62231
87394
84864
1504774
99801
101918
64098
87978
97296
72667
59922
58334
86240
76836
78461
59132
84095
86414
80387
61787
74414
57148
74110
57096
82554
56088
69558
