68426259
642644
238933
252133
898272
226756
209044
289357
254238
1417593
259660
191671
195821
284788
317580
187092
275076
468577
229279
281455
199587
552953
312848
194436
179281
158207
169736
254618
254383
142529
156446
136349
138667
126064
194885
175742
122329
185681
183683
122004
128780
118855
139677
121324
126010
128985
126014
174482
124739
118893
138126
122813
121365
139443
117295
128124
133666
125392
120780
297865
125402
304742
166183
152991
128891
128748
304902
185031
317522
135772
136933
297831
296354
160453
178205
154496
137463
181507
127268
201654
128354
137232
129833
330812
147413
134104
193310
127437
317841
193667
185187
317324
318102
1001681
167763
119621
110721
141220
71279134
666776
253753
261538
831310
221447
226967
310522
267424
1466075
213777
213206
211253
315106
282040
307850
235845
443410
239010
293238
201113
603803
274022
211825
243356
188560
179496
244409
265362
164465
179111
151936
150243
146191
208267
178081
120824
185857
179136
162815
123006
118084
159925
120605
120521
128924
122383
174557
121232
119047
140395
123151
127186
115707
119601
122750
132634
122681
121314
296737
178081
315925
172607
155507
131047
131205
295790
184201
240400
171653
145123
133783
223416
130716
167981
143524
132435
133556
118313
195789
122919
130975
121742
320978
136293
126416
204751
137420
317761
187755
201476
277760
263323
1107713
175092
143185
131590
153785
71646367
722615
245392
250446
831896
255959
204867
296667
263799
1466505
255893
193467
169320
260367
277615
147027
184197
378821
160175
261138
168951
503811
145420
136427
145900
147907
304349
403175
268124
170884
167807
183369
153397
142921
212291
195153
132153
233148
203316
152208
126731
120254
136092
120003
117835
127016
121676
173464
119009
117638
132875
121870
119967
114001
115139
122021
128870
123627
117697
295744
125772
324854
161333
149327
126230
122995
273466
174733
233033
122335
132642
127820
186584
233426
192356
151835
135040
134280
176320
263244
126863
130967
122975
323098
138353
126963
164657
117876
306328
293932
242359
283648
275849
945545
175275
164159
137788
157458
72008512
670266
272412
265888
875863
213366
201992
302421
252632
1426394
298614
221803
207690
322392
285065
150757
157017
394903
168095
246916
189960
512847
147841
169040
198434
281551
231810
231655
218128
124321
123037
119359
119813
130312
233495
204448
135560
194734
183500
120876
124129
119257
138370
119359
119587
128410
121698
172650
121118
118146
132354
121317
121769
115762
116355
122538
127611
122496
116918
289733
120468
306724
159019
165358
160935
134236
287923
175362
229893
122950
128875
126180
182308
124138
160138
235419
149000
144917
125040
204517
125476
135503
174621
390868
142883
130682
192033
164667
332754
193757
182469
247465
286249
984991
176064
148162
127499
151619
68477596
645615
239684
239365
798269
217140
202446
285773
253865
1457819
216727
197003
200579
303937
314338
170243
177804
438784
213796
271565
159515
508094
149470
177927
170877
230605
214850
219766
214482
122129
121046
117456
119126
118708
181806
169502
124520
182519
174932
126671
119115
120140
130486
115757
115584
124029
119845
166638
114869
113747
128440
117371
118414
120341
154582
127613
124690
120525
113756
287154
131816
298359
176634
149404
122131
125107
270619
168754
232339
117663
133082
122686
188078
121646
165608
141069
150920
376401
299603
269408
141885
141066
134155
328388
140927
132370
170620
126373
310922
186701
174396
276755
269450
1068393
188773
166077
158492
161210
72120591
709972
254253
309302
769566
217583
206245
295190
259961
1435072
258114
233682
196614
259126
362180
215449
190859
417929
200124
248176
183750
553370
192754
190461
243324
178601
146810
219944
289048
128979
124735
154487
152699
129199
187446
173049
118713
184522
183539
124644
122942
118220
138181
122258
119199
130251
124771
171287
121700
119434
137302
121911
123215
115679
120061
124449
127792
125509
121407
319994
125795
308375
149189
146199
125121
122655
275094
177300
236590
124214
130973
129506
188546
171864
390665
269481
179989
159290
139905
213370
136303
139453
131199
334497
217837
174022
186734
134196
358606
198999
180908
268845
246766
1057096
183105
152130
129353
161143
67258884
650088
229441
233197
804384
218759
202169
288388
256776
1398833
262812
185448
152619
242706
288616
187590
161672
394730
165110
216742
134477
489997
140029
132181
140915
125469
124750
226082
209633
210054
138938
123273
123153
121279
185622
174082
182202
229535
194597
136148
123646
158164
132850
118661
125123
129327
119501
167978
122953
121927
129149
117625
118869
119938
113219
118027
125938
125522
120459
295983
125453
320571
158611
142570
120997
121310
264514
168930
228836
117622
127790
122566
180789
123597
163563
141133
133078
134966
121324
197324
150119
186364
135861
330584
140252
130091
197470
123828
313583
188200
175884
258949
251081
978674
183114
141356
120751
150874
69635784
671384
240458
243930
866925
224647
200163
289313
252233
1383388
282206
203747
291298
363889
350568
232415
314883
570919
296157
356011
223892
737518
417187
348085
282408
205124
209340
285364
289081
210927
207574
185866
161423
150914
284201
242622
163888
245147
256605
183832
142846
169676
155941
177724
182258
155370
166076
190341
122895
117967
134578
122819
122815
124671
115187
123011
126850
119168
115770
290779
126974
324446
236593
166212
132967
129305
282471
168433
232804
122736
129009
127564
186238
124421
161390
140396
152060
128765
120318
195358
122810
133760
124628
321025
138361
129801
168330
144245
311572
187690
175121
253852
242563
974324
153489
124532
118903
143644
71996180
671444
272423
253450
814392
225507
204280
286131
301906
1351248
254876
179618
165530
246004
248564
142907
172721
352247
156501
247608
159741
494708
138695
132563
152680
127541
170357
205912
208962
263965
161202
132395
125244
126239
187152
178331
117961
184155
185641
126786
124522
121240
136646
120018
122393
130118
124051
175151
123917
119663
165024
122737
144289
120653
119755
124298
128664
121864
116758
353529
143369
296023
194974
144481
121531
120285
266837
165691
226615
117160
125331
122514
180469
124026
165469
140305
134398
132069
123736
190405
122604
126779
125333
316334
140224
203927
360070
160762
329105
190942
177752
222824
243121
959916
189678
139440
121285
150541
70611340
715644
243079
246237
846477
229210
201704
281488
299743
1575818
244443
189220
166431
243556
248333
141996
172685
356129
193214
221481
133569
492431
143864
188287
154012
126674
122444
318083
341609
199180
190165
178793
187128
174120
272263
210861
137634
198382
240782
150735
138124
153359
178121
130285
120140
129733
121703
172670
125400
115559
129356
117650
163217
117384
112339
118983
124131
116817
120715
287637
115883
305990
154842
140814
119697
117320
312627
166295
223551
118974
128185
144190
180159
129318
159561
154603
302765
216819
139181
275722
153512
138082
126941
369058
138631
125231
165946
119008
307565
186234
172972
218404
242980
986374
242527
204441
137063
153269
